2 5 3 8 9 0 1 (2 5)
2 5 3 8 9 0 1 (5 3) "Intercambio"
2 3 5 8 9 0 1 (5 8)
2 3 5 8 9 0 1 (8 9)
2 3 5 8 0 9 1 (0 9) "Intercambio"
2 3 5 8 0 1 9 (1 9)
2 3 5 8 0 1 9

2 3 5 8 0 1 9 (2 5)
...
2 3 5 8 0 1 9 (8 0)
2 3 5 0 8 1 9 (8 1)
2 3 5 0 1 8 9 (8 9)
2 3 5 0 1 8 9

2 3 5 8 0 1 9 (2 3)
...
2 3 5 8 0 1 9 (8 0)
2 3 5 0 8 1 9 (8 1)
2 3 5 0 1 8 9 (8 9)
2 3 5 0 1 8 9

2 3 5 0 1 8 9 (5 0)
2 3 0 5 1 8 9 (5 1)
2 3 0 1 5 8 9 (5 8)
...
2 3 0 1 5 8 9 

2 3 0 1 5 8 9 (2 3)
2 3 0 1 5 8 9 (3 0)
2 0 3 1 5 8 9 (3 1)
2 0 1 3 5 8 9 (3 5)
...
2 0 1 3 5 8 9

2 0 1 3 5 8 9 (2 0)
0 2 1 3 5 8 9 (2 1)
0 1 2 3 5 8 9 (2 3)
...
0 1 2 3 5 8 9

"Se ejecuta un bucle de inspeccion"

